0.0828429;
2.14206;
14.9952;
14.9952;
14.9955;
14.9936;
14.9948;
14.9948;
14.9943;
14.9945;
14.9948;
14.9945;
14.9941;
14.9952;
14.9945;
14.9939;
14.9954;
14.9943;
14.9945;
14.9941;
14.9943;
14.9943;
14.9961;
14.9943;
14.9945;
14.9945;
14.9945;
14.9941;
14.9955;
14.9941;
14.995;
14.9932;
14.9959;
14.9941;
14.9938;
14.9954;
14.9936;
14.9957;
14.9948;
14.9934;
14.9963;
14.9903;
14.9988;
14.9936;
14.9948;
14.9945;
14.9945;
14.9941;
14.995;
14.9948;
14.9943;
14.9947;
14.9945;
14.9952;
14.9853;
15.0033;
14.9945;
14.9952;
14.9923;
14.9963;
14.9948;
14.995;
14.9932;
14.9956;
14.9941;
9.99629;
14.9954;
14.9945;
14.9905;
14.9984;
14.995;
14.993;
14.9963;
14.9936;
14.995;
14.9943;
14.9948;
14.9943;
14.9945;
14.9945;
14.9941;
14.9938;
14.993;
14.9967;
14.9952;
14.9941;
14.9954;
14.9943;
14.9945;
14.9955;
14.9938;
14.9945;
14.9941;
14.9943;
14.9952;
14.9943;
14.995;
14.9941;
14.995;
14.9947;
14.993;
14.9959;
14.9922;
14.9961;
14.9957;
14.9945;
14.9945;
14.9945;
14.9945;
14.9934;
14.9943;
14.9961;
14.9943;
14.9952;
14.9943;
14.9934;
14.9956;
14.9934;
14.9955;
14.9945;
14.9948;
14.9943;
14.9947;
14.9917;
14.9972;
14.995;
14.9952;
14.9938;
14.9945;
14.9929;
14.9963;
14.9948;
14.9934;
14.9954;
14.9948;
14.9945;
14.9952;
14.9934;
14.9954;
14.9941;
14.9948;
14.9934;
14.9957;
14.9952;
14.9934;
14.9952;
14.9945;
14.9925;
14.9968;
14.9943;
14.9916;
14.997;
14.9954;
14.992;
14.9962;
14.9958;
14.9925;
14.9948;
14.9966;
14.9914;
14.997;
14.9945;
14.9929;
14.9961;
14.9945;
14.9896;
14.9993;
14.995;
14.995;
14.9943;
14.9943;
14.995;
14.9941;
14.995;
14.9936;
14.995;
14.995;
14.9952;
14.9887;
14.9999;
14.9945;
14.9934;
14.9955;
14.9954;
14.9943;
14.9941;
14.9945;
14.9947;
14.9948;
14.9932;
14.9956;
14.9925;
14.9966;
14.9948;
14.9945;
14.993;
14.9958;
14.995;
14.9927;
14.9961;
14.995;
14.9943;
14.9945;
14.9948;
14.9914;
14.9952;
14.9963;
14.9893;
15.0006;
14.9941;
14.995;
14.9941;
14.9952;
14.9934;
14.9957;
14.9954;
14.9921;
14.9961;
14.9945;
14.9938;
14.9921;
14.9984;
14.9923;
14.9963;
14.9945;
14.993;
14.9963;
14.9943;
14.9943;
14.9938;
14.9957;
14.995;
14.9938;
14.9948;
14.9941;
14.9952;
14.9943;
14.9936;
14.9958;
14.9943;
14.9948;
14.9943;
14.9948;
14.9941;
14.9941;
14.9956;
14.9932;
14.9957;
14.9952;
14.9945;
14.9941;
14.9948;
14.9943;
14.9948;
14.9948;
14.9945;
14.9945;
14.9948;
14.9927;
14.9936;
14.9959;
14.9956;
14.995;
14.9943;
14.9943;
14.9943;
14.9945;
14.995;
14.995;
14.9938;
14.995;
14.995;
14.9945;
14.9941;
14.9948;
14.9909;
14.9979;
14.9938;
14.9957;
14.9941;
14.9952;
14.9943;
14.9948;
14.9945;
14.9952;
14.9938;
14.9945;
14.9941;
14.9952;
14.9948;
14.9945;
14.9948;
14.9936;
14.9952;
14.9952;
14.9938;
14.9943;
14.9948;
14.9945;
14.9948;
14.9943;
14.9948;
14.9943;
14.9943;
14.9943;
14.9961;
14.9938;
14.9923;
14.9968;
14.9936;
14.9954;
14.9938;
14.9943;
14.9956;
14.9943;
14.9945;
14.995;
14.9934;
14.9959;
14.9943;
14.9954;
14.9934;
14.9948;
14.9945;
14.9952;
14.9941;
14.9941;
14.995;
14.9948;
14.9932;
14.9911;
14.9988;
14.9952;
14.9945;
14.9941;
14.9957;
14.9936;
14.9945;
14.9948;
14.9948;
14.9945;
14.9943;
14.9948;
14.9948;
14.9941;
14.9948;
14.9943;
14.9938;
14.9945;
14.9945;
14.9959;
14.9945;
14.995;
14.9941;
14.9934;
14.9957;
14.9945;
14.9934;
14.9945;
14.995;
14.9952;
14.9945;
14.9945;
14.9943;
14.9952;
14.9936;
14.9955;
14.9943;
14.9948;
14.9948;
14.9945;
14.9947;
14.9889;
15;
14.995;
14.9941;
14.9934;
14.9959;
14.9936;
14.9939;
14.9954;
14.9952;
14.9948;
14.9945;
14.9918;
14.9929;
14.999;
14.9952;
14.9941;
14.9945;
14.9943;
14.9948;
14.9934;
14.9941;
14.9962;
14.9952;
14.9938;
14.9948;
14.9952;
14.9941;
14.9952;
14.9927;
14.9954;
14.9948;
14.995;
14.9941;
14.9948;
14.9936;
14.9957;
14.9945;
14.9945;
14.9943;
14.9934;
14.9952;
14.995;
14.9947;
14.9941;
14.995;
14.9948;
14.9927;
14.9954;
14.9955;
14.9925;
14.9967;
14.9945;
14.9934;
14.9956;
14.9887;
14.9974;
14.9957;
14.9965;
14.9945;
14.9938;
14.9907;
14.9959;
14.9968;
14.9963;
14.9938;
14.9943;
14.9948;
14.9945;
14.9945;
14.9948;
14.9934;
14.9957;
14.995;
14.995;
14.9925;
14.9959;
14.9943;
14.995;
14.9945;
14.9948;
14.9941;
14.9941;
14.9955;
14.9925;
14.9965;
14.9927;
14.9936;
14.9972;
14.9936;
14.9941;
14.9959;
14.9952;
14.9907;
14.9977;
14.9921;
14.9956;
14.995;
14.9932;
14.9974;
14.9938;
14.9923;
14.9963;
14.9957;
14.9912;
14.997;
14.9955;
14.992;
14.9972;
14.9928;
14.9851;
15.0051;
14.9959;
14.9945;
14.9943;
14.9938;
14.995;
14.9943;
14.9948;
14.9938;
14.9955;
14.9945;
14.9943;
14.9948;
14.9943;
14.9896;
14.9999;
14.9948;
14.9934;
14.9956;
14.9945;
14.9934;
14.9948;
14.9954;
14.995;
14.9945;
14.9941;
14.995;
14.9945;
14.9936;
14.9948;
14.995;
14.9945;
14.995;
14.9938;
14.9948;
14.9932;
14.9963;
14.9943;
29.9906;
14.9932;
29.994;
14.9945;
29.9904;
14.9936;
29.9912;
14.9945;
29.9895;
14.9947;
29.9878;
14.9936;
29.994;
14.9936;
29.994;
14.9945;
14.9945;
29.9842;
14.9956;
29.9833;
14.9959;
29.9895;
14.995;
29.9887;
14.9943;
29.9859;
29.9887;
14.9948;
29.9929;
14.9943;
29.9904;
14.9945;
29.9876;
14.995;
29.9887;
14.9929;
29.9914;
29.9842;
14.997;
29.9878;
14.9945;
29.9859;
14.9948;
29.9884;
14.9955;
29.9895;
14.9945;
29.9904;
14.9948;
29.9869;
14.9945;
29.9869;
14.9943;
29.9842;
14.997;
29.9831;
14.9936;
30.0002;
14.9941;
14.9945;
29.9895;
14.9943;
29.9912;
14.9932;
29.994;
14.9943;
29.9904;
14.9945;
14.9945;
29.9867;
29.9912;
14.9945;
14.9945;
29.9777;
29.9949;
14.9961;
29.9887;
9.99539;
14.9966;
14.9948;
14.9945;
14.9948;
14.995;
14.9914;
14.9977;
14.9938;
14.9945;
14.9948;
14.9943;
14.9948;
14.9903;
14.999;
14.9941;
14.995;
14.9938;
14.9952;
14.9945;
14.9945;
14.9948;
14.9945;
14.9941;
14.9948;
14.995;
14.9945;
14.9936;
14.9956;
14.9945;
14.9934;
14.9958;
14.9943;
14.9943;
14.995;
14.9945;
14.9941;
14.9948;
14.9943;
14.9948;
14.9945;
14.9948;
14.9943;
14.995;
14.9932;
9.9952;
14.9986;
14.9945;
14.9952;
14.9938;
14.9943;
14.9938;
14.9955;
14.9954;
14.9941;
14.9943;
14.9943;
14.9955;
14.9943;
14.9943;
14.9941;
14.995;
14.9945;
14.9945;
14.995;
14.9943;
14.9945;
14.9948;
14.9918;
14.9979;
14.9941;
14.9943;
14.9945;
14.9938;
14.9941;
14.9952;
14.9952;
14.9945;
14.9948;
14.9945;
14.9943;
14.9939;
14.9925;
14.9975;
14.9932;
14.9963;
14.9941;
14.9936;
14.9952;
14.9941;
14.9963;
14.9927;
14.9964;
14.9938;
14.9918;
14.9977;
14.9943;
14.9941;
14.9938;
14.9948;
14.995;
14.9943;
14.9959;
14.9911;
14.9977;
14.9945;
14.9945;
14.9948;
14.9943;
14.9945;
14.9941;
14.9955;
14.9941;
14.9943;
14.9945;
14.9948;
14.9929;
14.9966;
14.9945;
14.9943;
14.9938;
14.995;
14.9876;
15.0022;
14.9927;
14.997;
14.9941;
14.9938;
14.995;
14.9948;
14.9943;
14.9934;
14.9952;
14.9954;
14.9948;
14.9943;
14.9945;
14.988;
15.0011;
14.9945;
14.995;
14.9943;
14.9948;
14.9943;
14.9945;
14.9945;
14.9943;
14.9948;
14.9948;
14.9952;
14.9938;
14.9938;
14.9943;
14.9956;
14.9941;
14.9941;
14.9956;
14.9945;
14.9938;
14.9943;
14.9952;
14.992;
14.9975;
14.9943;
14.9914;
14.9979;
14.9941;
14.9941;
14.9948;
14.9952;
14.9952;
14.9941;
14.9943;
14.9952;
14.9938;
14.995;
14.9945;
14.9939;
14.9954;
14.9903;
14.9988;
14.9945;
14.9936;
14.995;
14.9952;
14.995;
14.9938;
14.9945;
14.9948;
14.9945;
14.9943;
14.9943;
14.9909;
14.9974;
14.9948;
14.9916;
14.9988;
14.9952;
14.9941;
14.9948;
14.9927;
14.9959;
14.9948;
14.9932;
14.9959;
14.9945;
14.9948;
14.9938;
14.9952;
14.9932;
14.9952;
14.9952;
14.9941;
14.9955;
14.9945;
14.9941;
14.9948;
14.9943;
14.9932;
14.9961;
14.9943;
14.9943;
14.9922;
14.9966;
14.9907;
14.9988;
14.9956;
14.9936;
14.9952;
14.9943;
14.9934;
14.9958;
14.9945;
14.9943;
14.9913;
14.9981;
14.9941;
14.9956;
14.9938;
14.9955;
14.9941;
14.9938;
14.9941;
14.9955;
14.995;
14.9948;
14.9941;
14.9907;
14.9912;
15.0015;
14.9954;
14.9876;
15.0012;
2.99892;
14.9948;
14.9936;
14.9952;
14.9941;
14.9945;
14.9945;
14.9952;
14.9941;
14.9945;
14.9948;
14.9948;
14.9941;
14.9948;
14.9948;
14.9943;
14.9948;
14.9945;
14.9943;
14.9938;
14.9961;
14.9941;
14.9948;
14.9932;
14.9932;
14.9975;
14.9945;
14.9941;
14.9947;
14.9945;
14.9948;
14.9945;
14.9914;
14.9977;
14.9948;
14.9945;
14.9945;
14.9945;
14.9945;
14.9947;
14.9943;
14.9954;
