0, 10.7333; 
0, 7.31818; 
0, 4.98967; 
0, 3.40205; 
0.993307, 2.4001; 
1.31919, 2.33593; 
1.90121, 2.20966; 
2.54796, 2.25856; 
2.56652, 2.45008; 
3.14134, 2.91961; 
4.06628, 4.1926; 
4.59482, 4.96201; 
4.54652, 6.27811; 
4.59842, 7.46842; 
4.98523, 7.53932; 
5.28636, 7.55452; 
5.26073, 7.74677; 
5.12056, 7.70474; 
4.98224, 7.73125; 
5.34338, 8.18471; 
5.49817, 8.26616; 
5.67504, 8.42138; 
5.80713, 8.39605; 
5.70883, 7.65732; 
5.31126, 7.33211; 
5.29562, 7.58866; 
5.5171, 7.1475; 
5.65049, 6.98048; 
5.95957, 7.25348; 
5.76241, 6.4824; 
5.31762, 5.96289; 
5.10411, 6.11669; 
4.63126, 6.43497; 
4.06985, 6.68584; 
4.05825, 6.90989; 
4.45625, 7.23792; 
4.29361, 7.6878; 
4.20539, 8.0106; 
4.02775, 7.75138; 
4.025, 7.60747; 
4.28712, 8.01831; 
4.42719, 8.11682; 
4.51297, 8.12112; 
4.78411, 8.56118; 
4.50857, 8.48818; 
4.08801, 8.43962; 
4.0098, 8.8152; 
4.18001, 7.68609; 
4.17637, 6.81642; 
4.2685, 6.7963; 
4.31011, 6.62672; 
4.12593, 6.49532; 
3.78972, 6.53618; 
3.49118, 6.32994; 
3.1753, 6.2983; 
3.14103, 6.56288; 
3.39682, 6.71323; 
3.8416, 6.79763; 
4.39425, 6.99555; 
4.55143, 6.53061; 
4.68673, 6.22258; 
4.86841, 6.27868; 
4.83183, 5.95611; 
4.08358, 5.82337; 
3.75331, 5.77711; 
4.60286, 7.42796; 
4.79174, 6.09103; 
4.3565, 5.45566; 
4.35586, 5.31368; 
4.13374, 5.19012; 
3.86463, 5.16041; 
4.21557, 5.29577; 
4.32303, 5.7208; 
4.6056, 6.27485; 
4.54941, 6.97556; 
4.17115, 6.47851; 
4.13704, 6.09242; 
4.54181, 6.17833; 
5.10919, 6.78486; 
5.06042, 7.47934; 
4.69106, 8.21105; 
4.46232, 7.84173; 
4.35843, 7.62681; 
4.4261, 7.90544; 
4.70535, 7.5317; 
4.85202, 7.38606; 
5.28011, 7.69471; 
5.52325, 7.05698; 
5.67125, 6.65836; 
5.78449, 6.6868; 
5.74775, 6.25739; 
5.48539, 6.11149; 
5.34901, 6.32834; 
5.10244, 5.96582; 
4.82468, 5.59727; 
4.65522, 5.67015; 
4.40344, 5.576; 
4.18663, 5.46463; 
4.09177, 5.7583; 
4.29008, 5.15989; 
4.17836, 4.89986; 
3.89253, 5.23539; 
3.67936, 5.24974; 
3.51515, 5.38269; 
3.81656, 5.71443; 
4.09238, 6.15357; 
4.18035, 6.31723; 
4.42427, 6.5071; 
4.33207, 6.41883; 
4.29711, 6.33268; 
4.36673, 6.58494; 
4.27859, 6.31793; 
3.8542, 6.21454; 
4.01604, 6.24949; 
4.05908, 7.75362; 
3.99944, 9.11649; 
4.01305, 10.1089; 
4.00433, 9.14264; 
3.80522, 8.45917; 
3.59848, 8.6632; 
3.1964, 8.40684; 
3.01542, 7.86789; 
2.94745, 7.76491; 
2.39532, 7.52025; 
2.11406, 7.16553; 
2.06799, 7.28004; 
1.92205, 7.13481; 
1.71004, 7.1205; 
1.61553, 7.34739; 
2.11282, 6.83569; 
2.38413, 6.51275; 
2.70048, 6.63406; 
3.1036, 6.6412; 
2.87425, 6.6539; 
2.62486, 7.19937; 
2.56102, 7.30261; 
2.72449, 7.37597; 
3.27717, 7.57116; 
4.25254, 6.96012; 
6.10569, 6.27087; 
7.52551, 6.20794; 
8.3847, 6.4362; 
8.48505, 6.75515; 
8.70285, 7.19695; 
9.23428, 8.32901; 
9.90634, 10.0904; 
10.5025, 12.0252; 
11.5656, 13.3395; 
12.911, 14.4991; 
13.8528, 15.1599; 
13.5929, 16.3738; 
11.5968, 18.6178; 
9.7165, 19.2003; 
8.67661, 19.6242; 
8.73697, 20.227; 
9.22119, 20.6552; 
9.61039, 22.9647; 
9.30789, 24.6835; 
8.9041, 25.3369; 
8.37397, 25.7892; 
7.61937, 26.0216; 
6.53512, 25.2519; 
4.30703, 24.5109; 
1.60443, 22.4196; 
-0.049514, 20.213; 
-1.01104, 19.4765; 
-1.97237, 20.3124; 
-1.46728, 20.9592; 
-1.14927, 21.216; 
-1.84346, 22.3534; 
-1.86892, 22.864; 
-1.97638, 23.8319; 
-1.92126, 24.9563; 
-2.69231, 25.3231; 
-4.53295, 24.9312; 
-6.75841, 23.294; 
-8.75514, 20.8525; 
-9.99536, 19.2459; 
-10.311, 18.5086; 
-11.0565, 17.8856; 
-11.8995, 17.3525; 
-12.4755, 17.0411; 
-11.8906, 17.6029; 
-11.2463, 18.062; 
-11.2583, 18.0022; 
-10.7568, 18.6819; 
-9.93052, 19.0315; 
-8.88297, 19.6868; 
-7.66876, 20.4816; 
-7.29406, 20.0693; 
-6.00679, 18.8917; 
-5.22669, 18.5936; 
-5.50759, 18.0484; 
-5.73317, 18.4709; 
-6.21715, 19.6529; 
-6.56328, 20.3078; 
-6.40534, 20.7525; 
-6.19785, 22.1265; 
-6.51288, 22.9284; 
-7.73551, 23.3403; 
-9.76327, 23.1817; 
-12.9726, 20.1966; 
-15.521, 20.2768; 
-17.3619, 20.1619; 
-18.4252, 20.7265; 
-19.0231, 21.2961; 
-19.2145, 21.6833; 
-18.0653, 24.8338; 
-16.655, 25.4376; 
-16.6244, 26.4644; 
-17.4288, 27.5047; 
-18.0778, 26.2807; 
-19.1072, 25.2956; 
-19.7882, 25.2884; 
-20.2529, 25.4187; 
-20.3121, 25.64; 
-19.9448, 26.0502; 
-18.7694, 25.6683; 
-17.3871, 25.5936; 
-16.0735, 26.3546; 
-15.5281, 26.8926; 
-14.3119, 28.2702; 
-13.7074, 29.0317; 
-12.0116, 28.3667; 
-11.41, 28.5386; 
-11.3135, 28.2839; 
-11.1062, 28.2188; 
-11.128, 28.4243; 
-11.0089, 29.0999; 
-10.7924, 29.8596; 
-10.3459, 30.7164; 
-9.90719, 31.5191; 
-9.15516, 32.9439; 
-9.24756, 34.6183; 
-8.79074, 35.3062; 
-7.71422, 35.6997; 
-7.04605, 35.3459; 
-6.19634, 34.9879; 
-5.08464, 35.8265; 
-3.51635, 36.7462; 
-2.32541, 36.8015; 
-0.905855, 36.7679; 
-0.381196, 34.7875; 
-0.28469, 34.2449; 
-0.671843, 33.1048; 
-0.161785, 32.1994; 
1.67952, 31.2155; 
3.74469, 29.8979; 
6.41257, 29.1094; 
8.23692, 30.1491; 
9.18409, 31.2486; 
9.73526, 31.2898; 
9.22121, 31.3124; 
7.05075, 31.2778; 
5.50145, 31.0309; 
4.09309, 30.1952; 
3.36256, 29.7679; 
3.77561, 29.6617; 
5.6885, 29.3768; 
9.19715, 29.6503; 
11.4581, 30.9352; 
11.8087, 32.1084; 
11.8459, 31.9056; 
12.3289, 31.8901; 
13.4451, 31.6639; 
14.5357, 31.8581; 
15.3251, 33.0686; 
15.5652, 31.5536; 
15.2008, 28.3217; 
14.9644, 25.4186; 
15.4125, 24.4249; 
15.9771, 24.0424; 
16.6531, 24.3214; 
17.7219, 25.0419; 
18.6583, 25.5671; 
18.9434, 26.9536; 
19.2483, 28.196; 
18.9706, 28.9667; 
18.7341, 29.9487; 
19.1235, 30.5785; 
19.2264, 31.569; 
18.4894, 31.6331; 
17.382, 31.6182; 
16.9484, 29.9327; 
16.8399, 27.1784; 
17.2471, 25.2825; 
18.0635, 24.5575; 
18.9086, 24.8863; 
19.4257, 25.49; 
19.2964, 27.7748; 
18.6936, 30.2988; 
16.2008, 32.2354; 
14.4919, 33.5081; 
14.1783, 33.2154; 
14.2056, 31.3317; 
14.2708, 30.588; 
14.6555, 31.7957; 
14.988, 31.5553; 
14.9838, 31.4836; 
15.5626, 30.2274; 
16.6487, 28.0998; 
18.2477, 24.7752; 
19.5211, 22.1076; 
19.9766, 22.2302; 
20.1419, 23.5542; 
19.8325, 25.9415; 
19.0095, 27.871; 
17.5415, 29.2626; 
15.7003, 29.7128; 
14.4271, 28.7473; 
13.606, 28.4821; 
13.3457, 28.139; 
13.3467, 27.8026; 
13.0372, 27.6859; 
12.9347, 27.6364; 
12.6615, 25.2454; 
11.9147, 22.6259; 
10.8763, 20.5032; 
9.71376, 19.968; 
8.72439, 20.7192; 
8.11512, 22.0929; 
7.27027, 24.5396; 
6.46486, 26.8073; 
5.71779, 28.2309; 
5.10321, 28.4718; 
4.43826, 27.9435; 
3.39633, 27.8539; 
2.64744, 27.2618; 
1.87553, 27; 
0.250806, 27.6668; 
-1.58514, 28.7352; 
-4.14109, 27.9494; 
-6.26137, 26.9316; 
-7.3922, 26.035; 
-8.73608, 26.4118; 
-9.58506, 27.0337; 
-9.96841, 29.1131; 
-10.1162, 30.2069; 
-9.5843, 32.5403; 
-8.03077, 34.8004; 
-8.2562, 34.793; 
-9.45982, 34.1021; 
-10.3616, 32.8588; 
-10.9506, 32.0487; 
-11.1126, 30.9416; 
-11.11, 28.9927; 
-10.8923, 26.398; 
-11.778, 24.9728; 
-12.9899, 23.7577; 
-13.7383, 22.87; 
-14.7072, 23.2048; 
-16.4001, 23.1978; 
-16.836, 22.8388; 
-17.0717, 22.7351; 
-17.7473, 23.3213; 
-18.4287, 23.6987; 
-19.0405, 23.2457; 
-19.5508, 23.2492; 
-19.4415, 23.566; 
-19.3718, 23.9532; 
-19.3386, 23.6682; 
-18.607, 24.55; 
-18.1672, 24.6283; 
-17.9575, 24.0256; 
-17.2534, 22.1947; 
-16.9161, 21.3615; 
-17.5886, 20.7655; 
-18.1549, 20.4332; 
-18.3494, 21.5364; 
-18.4963, 23.1343; 
-18.7213, 24.5862; 
-18.9216, 25.9991; 
-18.9049, 27.3147; 
-18.2769, 28.4539; 
-16.799, 29.5648; 
-15.18, 31.1123; 
-13.807, 31.8213; 
-12.5539, 32.4537; 
-11.6274, 32.6362; 
-11.2176, 30.3671; 
-11.0816, 28.421; 
-11.0171, 26.8649; 
-10.3788, 25.3221; 
-9.90753, 24.2332; 
-8.86983, 24.1751; 
-7.47864, 24.2288; 
-6.13309, 24.5856; 
-4.39862, 25.1778; 
-2.41038, 26.7333; 
-0.552286, 28.6678; 
0.742489, 30.6874; 
1.51531, 33.1531; 
2.11626, 34.7442; 
1.82756, 35.1661; 
1.02146, 34.588; 
0.475687, 31.6847; 
-0.253151, 31.8422; 
-0.785542, 33.4441; 
-0.933142, 34.5382; 
-0.864479, 36.5862; 
-0.452309, 37.2523; 
0.867952, 36.1666; 
3.50534, 33.7426; 
5.93245, 32.278; 
7.95766, 32.0161; 
9.70864, 33.2131; 
10.3795, 34.6219; 
10.7428, 35.0715; 
10.6872, 35.7974; 
9.99084, 34.7699; 
8.25106, 33.8375; 
6.99203, 32.9288; 
6.94978, 31.2012; 
7.21564, 30.1401; 
8.05037, 31.7531; 
9.62792, 33.1561; 
11.0796, 34.4844; 
11.6986, 34.6824; 
12.1711, 33.5704; 
12.1783, 33.2416; 
12.3149, 33.3102; 
13.0329, 32.979; 
13.4608, 32.6847; 
13.5971, 31.0362; 
13.7724, 28.8204; 
13.8015, 26.8492; 
14.1953, 25.974; 
14.6207, 24.9723; 
14.9974, 24.2748; 
15.2506, 24.6866; 
15.5755, 26.035; 
15.083, 28.0135; 
15.3843, 28.5396; 
16.3862, 27.6202; 
16.6841, 27.1283; 
17.3054, 27.9369; 
18.2116, 28.644; 
18.2989, 29.7323; 
18.7608, 29.281; 
19.6097, 25.5272; 
19.4659, 22.6352; 
19.9653, 21.6554; 
21.1614, 20.7993; 
21.4261, 20.476; 
21.2744, 20.2409; 
21.6271, 20.1584; 
21.871, 20.8276; 
18.9125, 23.4495; 
16.9822, 24.5547; 
18.0923, 23.65; 
19.2685, 22.1687; 
19.9897, 20.9184; 
20.3114, 20.564; 
20.4697, 20.5127; 
19.5614, 20.0632; 
19.6231, 19.804; 
20.7868, 19.6706; 
21.7837, 19.6037; 
22.3548, 19.5373; 
22.5754, 19.6806; 
22.5902, 19.5105; 
22.4816, 20.1445; 
22.4081, 20.3143; 
22.363, 20.5168; 
20.6461, 20.4739; 
18.8949, 20.4072; 
17.5764, 20.2583; 
16.3874, 20.3097; 
14.5692, 21.5887; 
13.0424, 23.3586; 
11.9955, 24.7537; 
11.0135, 25.7351; 
10.1486, 26.4022; 
9.38777, 26.7639; 
8.8504, 26.4202; 
7.94118, 26.7925; 
7.10053, 26.7862; 
6.19785, 27.0249; 
5.3522, 27.4633; 
4.58164, 27.2664; 
3.6833, 26.7753; 
2.20116, 26.0613; 
0.729753, 25.1478; 
0.0706978, 24.1128; 
-0.26794, 23.0036; 
-1.54125, 22.0007; 
-2.59862, 21.0031; 
-4.84761, 20.4201; 
-6.90428, 20.6715; 
-8.62938, 20.9593; 
-10.2572, 21.2266; 
-11.66, 22.3236; 
-12.5965, 23.092; 
-13.1117, 23.1071; 
-13.0687, 22.6893; 
-11.5502, 23.4505; 
-10.8132, 24.0401; 
-11.3538, 24.0534; 
-11.519, 23.5473; 
-11.1725, 23.7085; 
-11.9093, 23.8388; 
-12.5361, 24.2056; 
-13.3017, 24.5022; 
-14.7706, 22.7666; 
-16.1108, 21.8534; 
-17.3428, 22.2649; 
-18.4184, 21.7902; 
-19.2065, 21.3608; 
-19.3591, 22.1866; 
-19.5332, 22.4605; 
-19.5603, 23.5976; 
-19.6992, 24.6023; 
-20.3671, 25.2455; 
-20.7255, 25.9577; 
-20.4696, 26.9792; 
-19.9162, 28.3442; 
-19.1211, 30.0941; 
-14.5461, 32.823; 
-11.7083, 34.6856; 
-9.74982, 35.1603; 
-8.92283, 34.9752; 
-9.95514, 33.9368; 
-11.6029, 31.6477; 
-12.5989, 30.2235; 
-13.068, 29.2204; 
-13.4956, 28.2606; 
-14.1568, 27.1386; 
-15.3924, 27.1205; 
-16.5615, 27.5838; 
-17.0547, 27.9961; 
-17.2974, 28.0227; 
-17.9737, 26.507; 
-18.409, 24.8491; 
-17.8596, 24.6147; 
-16.868, 24.5098; 
-15.7614, 25.4205; 
-15.1228, 26.4973; 
-14.644, 27.3942; 
-13.8866, 26.8149; 
-12.083, 25.7943; 
-9.52446, 24.812; 
-7.69168, 22.6747; 
-6.37802, 21.3335; 
-5.54738, 20.0764; 
-4.73915, 19.4586; 
-3.84884, 20.647; 
-2.71166, 23.2063; 
-1.69035, 26.2338; 
-0.671839, 28.5406; 
0.424485, 29.6461; 
1.6968, 29.5786; 
3.55971, 29.1675; 
5.54587, 28.771; 
6.09422, 28.6075; 
6.2821, 27.4951; 
6.86837, 27.1944; 
8.50179, 25.402; 
10.1348, 24.5896; 
11.1573, 23.7557; 
11.0573, 22.7223; 
8.8403, 21.1286; 
7.38506, 19.7281; 
7.67316, 18.2552; 
7.47868, 17.0788; 
6.03836, 16.2823; 
5.03109, 16.0602; 
5.06863, 17.0335; 
5.6814, 18.7776; 
5.87183, 19.1335; 
6.33127, 20.5311; 
7.14114, 22.5509; 
7.81487, 23.4956; 
8.43589, 23.1959; 
9.41126, 24.0163; 
9.46318, 24.5852; 
9.20682, 25.9962; 
9.55766, 25.455; 
10.1177, 23.7863; 
10.7318, 22.8526; 
11.1643, 22.4572; 
11.6894, 21.4847; 
10.7338, 19.8342; 
10.2937, 18.7936; 
11.1844, 17.0999; 
12.0077, 16.5061; 
12.4613, 17.3844; 
13.1074, 18.5559; 
14.1277, 19.9861; 
15.5713, 20.6006; 
16.9368, 20.8289; 
17.4136, 22.1699; 
17.2804, 22.0365; 
16.2859, 22.3095; 
15.5005, 22.6201; 
15.3943, 22.2236; 
14.848, 23.2757; 
14.4423, 25.2125; 
13.5787, 27.4354; 
12.6943, 25.4878; 
12.7455, 22.3946; 
13.8963, 19.9054; 
15.1835, 17.3521; 
17.2543, 17.2338; 
18.687, 16.3181; 
19.6736, 16.1555; 
19.7576, 18.2931; 
18.0313, 20.5527; 
16.6413, 21.4055; 
16.7448, 21.6685; 
17.5499, 19.2943; 
18.2186, 19.0356; 
18.4789, 21.3543; 
18.6368, 21.5745; 
18.0631, 21.1595; 
17.579, 21.0352; 
17.2819, 18.7622; 
17.9929, 17.2845; 
19.178, 17.3107; 
20.0863, 18.1471; 
20.3178, 19.2999; 
20.152, 21.6016; 
19.1247, 23.5084; 
17.6982, 26.0064; 
16.2728, 27.7052; 
15.7578, 28.3102; 
16.2981, 27.9808; 
16.7505, 26.7749; 
16.8255, 25.9863; 
16.3965, 24.7428; 
15.7894, 23.108; 
14.9682, 21.3294; 
14.0478, 20.336; 
13.6566, 19.7479; 
12.8016, 20.0586; 
11.9545, 21.0016; 
11.144, 23.1287; 
10.1341, 25.9834; 
8.91581, 27.2338; 
7.89451, 27.6845; 
6.11493, 26.2022; 
4.54619, 25.3873; 
2.7318, 24.6553; 
1.27336, 24.5571; 
0.0199812, 25.1263; 
-1.96556, 24.9568; 
-4.11014, 24.0736; 
-6.14109, 22.5677; 
-7.57907, 21.4181; 
-8.79036, 21.1242; 
-10.0991, 21.3724; 
-11.0629, 22.5356; 
-11.3098, 23.8645; 
-11.4352, 23.8663; 
-11.0024, 23.7287; 
-9.46744, 23.1941; 
-8.29308, 22.6854; 
-7.8458, 22.6212; 
-8.0582, 23.1505; 
-8.23222, 23.6637; 
-8.60456, 23.552; 
-9.12131, 22.0756; 
-10.1302, 20.6124; 
-10.9973, 19.738; 
-11.3133, 18.6833; 
-12.3722, 19.0023; 
-13.1117, 20.1176; 
-13.6265, 20.6549; 
-14.3652, 20.4757; 
-15.4307, 20.973; 
-16.3133, 20.9657; 
-17.1092, 20.6794; 
-17.5059, 20.5311; 
-17.5221, 20.492; 
-17.2286, 20.4509; 
-15.7863, 19.6196; 
-14.6072, 20.4883; 
-14.0212, 22.0618; 
-13.9787, 22.176; 
-14.0227, 22.8587; 
-14.266, 23.6552; 
-14.6598, 24.0061; 
-14.8544, 24.7978; 
-15.5572, 24.0063; 
-16.6767, 22.6816; 
-17.5701, 22.292; 
-18.4311, 22.1316; 
-18.9638, 22.2861; 
-19.0353, 22.7292; 
-18.8824, 23.6751; 
-18.3793, 24.8021; 
-17.3495, 25.32; 
-15.7704, 25.1625; 
-14.697, 24.4838; 
-14.0019, 23.5983; 
-13.3551, 22.2266; 
-13.0766, 21.2133; 
-13.3569, 21.9914; 
-12.7087, 22.3043; 
-11.6929, 23.3784; 
-12.6092, 25.3503; 
-13.018, 27.7; 
-11.4439, 30.3931; 
-9.21373, 33.1285; 
-7.06883, 33.938; 
-3.55136, 32.9931; 
0.545862, 29.2737; 
2.77499, 24.494; 
3.86574, 23.3624; 
3.3432, 23.7124; 
2.05615, 24.7719; 
1.38908, 23.9536; 
0.956941, 23.7516; 
0.599537, 23.2752; 
1.18946, 23.3091; 
0.0772109, 24.8218; 
-0.621363, 27.0332; 
0.0208864, 28.4719; 
2.21999, 28.7859; 
3.87986, 27.8411; 
5.95359, 27.2348; 
7.52325, 26.679; 
8.84729, 26.4699; 
9.68838, 27.3775; 
10.2636, 27.3782; 
9.87982, 26.8823; 
8.83675, 26.2679; 
7.34686, 26.5622; 
7.01756, 27.6942; 
7.87725, 27.9051; 
9.7748, 30.1599; 
11.5071, 31.2419; 
12.2847, 31.3548; 
12.704, 31.6987; 
12.9714, 32.0966; 
13.2297, 31.0977; 
13.2081, 30.9363; 
13.7731, 26.7468; 
14.0615, 25.3107; 
13.729, 24.9212; 
13.3895, 23.6445; 
13.8099, 22.4503; 
14.4377, 21.335; 
15.3377, 18.7022; 
16.1607, 16.6183; 
16.7687, 16.0887; 
16.7418, 16.842; 
16.5326, 18.854; 
16.3422, 20.459; 
16.5375, 20.5018; 
16.7641, 19.7714; 
17.2118, 20.2982; 
17.9394, 21.2576; 
18.3807, 22.6149; 
17.4029, 24.8325; 
15.532, 25.9594; 
14.0157, 25.2047; 
13.7224, 23.2934; 
13.8159, 21.3582; 
14.4687, 20.7926; 
15.0509, 21.2806; 
15.063, 23.4889; 
14.8332, 27.2057; 
14.5466, 30.6384; 
13.5523, 32.8259; 
13.0459, 33.0008; 
13.3455, 32.5824; 
14.0221, 32.4825; 
14.2758, 33.1272; 
14.2821, 33.2985; 
13.716, 32.5269; 
13.1589, 31.6912; 
12.2419, 31.0267; 
11.6095, 28.9152; 
10.3473, 28.2635; 
8.68338, 29.7343; 
7.86323, 32.2644; 
7.48974, 35.7768; 
7.16725, 39.2822; 
7.73823, 41.3877; 
7.98101, 40.4391; 
8.68556, 38.5661; 
8.82346, 37.2762; 
9.00848, 37.5671; 
9.08871, 37.8923; 
8.98276, 37.4465; 
7.77054, 35.7258; 
6.78547, 33.6525; 
5.96828, 32.4999; 
5.35745, 30.1157; 
4.47782, 29.7965; 
3.54849, 32.3835; 
2.97241, 35.0188; 
2.62797, 37.7988; 
2.4884, 39.7896; 
3.18616, 39.8085; 
3.378, 37.9923; 
3.91012, 35.6352; 
3.95129, 34.1529; 
4.85703, 32.4862; 
5.73502, 31.1837; 
6.15497, 29.0325; 
6.5793, 26.7874; 
6.91236, 24.9614; 
6.44887, 24.7394; 
5.53155, 26.1738; 
4.12961, 28.2568; 
3.55686, 32.0858; 
3.70762, 34.7747; 
4.05021, 36.7938; 
4.57805, 37.5286; 
5.74082, 33.6197; 
6.09409, 29.65; 
6.13137, 27.9671; 
6.57125, 27.768; 
7.12428, 26.4123; 
7.51343, 24.7779; 
6.66117, 22.9304; 
6.38167, 20.9698; 
6.46587, 20.6349; 
6.19244, 22.5307; 
5.2877, 23.98; 
4.29085, 25.7504; 
3.92764, 27.8636; 
3.73107, 29.7362; 
3.73738, 30.906; 
4.45861, 31.3595; 
4.92519, 28.9802; 
5.15066, 26.9649; 
5.59361, 26.5543; 
5.91327, 26.8427; 
6.67692, 26.7879; 
7.29572, 26.0137; 
7.34371, 24.9749; 
7.30236, 25.3674; 
7.12206, 27.3018; 
7.00383, 28.1717; 
6.75478, 30.1217; 
6.48771, 32.9396; 
6.65591, 34.8634; 
6.93239, 36.6822; 
8.04702, 37.6148; 
8.06386, 36.2521; 
7.71603, 35.2709; 
7.38129, 36.157; 
7.25079, 36.1826; 
7.58064, 34.6703; 
7.34809, 33.9701; 
6.4181, 31.6411; 
6.12285, 29.5006; 
5.76807, 28.8775; 
5.03928, 29.4215; 
4.5331, 29.7711; 
4.02249, 29.4797; 
3.43926, 29.9441; 
3.13372, 29.6565; 
3.89155, 22.9433; 
4.21029, 20.1293; 
4.08278, 18.5569; 
2.43989, 17.2302; 
1.02466, 14.3915; 
-0.196651, 13.9292; 
-1.48509, 13.8815; 
-2.25035, 12.7763; 
-2.81784, 12.4954; 
-3.25452, 12.0888; 
-3.47404, 11.8857; 
-3.94129, 12.1582; 
-4.21162, 12.1544; 
-4.32952, 12.3643; 
-4.52542, 12.696; 
-4.73854, 12.8058; 
-4.84104, 12.6702; 
-4.77872, 13.1305; 
-4.69088, 13.3068; 
-4.45076, 12.9856; 
-4.37339, 12.9265; 
-4.40903, 12.8172; 
-4.28806, 12.2363; 
-4.16324, 12.3177; 
-4.12534, 12.9226; 
-4.59627, 13.603; 
-5.14008, 14.2512; 
-5.50747, 14.5268; 
-5.40041, 14.3301; 
-5.29891, 14.3313; 
-5.28035, 14.2729; 
-5.46892, 13.9707; 
-5.51413, 14.254; 
-5.39022, 14.0198; 
-5.34039, 13.5564; 
-5.27025, 13.6578; 
-5.36163, 13.7436; 
-5.3964, 13.6901; 
