0.0829565; 
2.13097; 
14.3127; 
15.8142; 
14.5371; 
14.776; 
15.1842; 
15.5222; 
14.5575; 
15.0827; 
15.1053; 
14.8066; 
15.1135; 
15.1298; 
14.4767; 
15.4389; 
15.096; 
14.6287; 
15.2264; 
15.3514; 
9.95908; 
20.1861; 
20.9861; 
14.3393; 
15.5075; 
15.0784; 
14.4858; 
15.7036; 
14.8991; 
14.5149; 
15.5882; 
14.8516; 
14.5624; 
15.5352; 
14.9223; 
14.5316; 
14.9939; 
15.4754; 
14.5404; 
15.5947; 
14.8935; 
14.5976; 
15.3065; 
14.937; 
14.6806; 
15.5586; 
15.0217; 
14.5301; 
15.4794; 
14.8173; 
14.8097; 
15.2267; 
14.7647; 
14.2869; 
16.0849; 
9.56443; 
20.6781; 
16.386; 
15.0775; 
11.2377; 
20.7846; 
17.4959; 
14.9992; 
16.2497; 
9.78415; 
16.3365; 
9.23481; 
15.2028; 
22.7312; 
11.0662; 
21.5251; 
18.2112; 
17.0655; 
15.0982; 
15.2526; 
14.544; 
15.0265; 
15.4541; 
14.3912; 
15.5126; 
14.885; 
14.4851; 
15.7649; 
14.973; 
14.4352; 
14.9189; 
14.9225; 
14.6423; 
15.397; 
14.9478; 
14.5713; 
15.3762; 
14.6834; 
14.9663; 
15.9011; 
14.0937; 
15.0436; 
16.1195; 
14.9531; 
14.6406; 
15.5826; 
14.9707; 
13.8241; 
15.7348; 
14.316; 
15.0284; 
15.4979; 
14.5442; 
14.9746; 
15.6794; 
14.4608; 
14.5998; 
16.4765; 
14.0318; 
14.7577; 
16.5176; 
14.0191; 
14.809; 
15.4855; 
14.6444; 
15.1999; 
15.1603; 
14.7106; 
15.0692; 
15.228; 
14.632; 
14.9608; 
15.4931; 
14.4096; 
15.2025; 
15.2286; 
14.5489; 
15.1488; 
15.3996; 
14.5157; 
15.2486; 
15.5983; 
14.1589; 
14.9575; 
15.5104; 
14.6017; 
15.0382; 
16.0185; 
14.86; 
14.2273; 
16.472; 
13.6043; 
15.1429; 
15.8218; 
14.1898; 
15.083; 
15.5911; 
14.3501; 
15.3436; 
16.1688; 
13.6241; 
15.3815; 
15.9354; 
14.0002; 
15.8657; 
15.5712; 
14.6702; 
14.8647; 
15.3353; 
14.8667; 
14.855; 
15.3351; 
14.8693; 
14.628; 
15.365; 
14.8502; 
15.0367; 
15.0747; 
14.9854; 
14.5991; 
15.4299; 
15.0137; 
14.8668; 
15.2476; 
14.8912; 
14.7649; 
15.1331; 
15.0818; 
14.8497; 
15.1109; 
15.1626; 
14.6162; 
15.1906; 
13.8611; 
15.6119; 
14.8726; 
14.3712; 
15.9783; 
14.931; 
14.1848; 
15.5815; 
15.1803; 
14.1635; 
16.2143; 
14.698; 
14.3644; 
15.9874; 
14.8634; 
14.2862; 
16.2017; 
15.444; 
14.8069; 
15.054; 
15.0101; 
15.0623; 
14.6651; 
15.2888; 
14.8912; 
14.8564; 
15.2822; 
14.944; 
14.8603; 
15.1489; 
13.74; 
15.9129; 
15.0601; 
14.0425; 
16.4641; 
14.7843; 
14.0517; 
16.3994; 
14.5307; 
14.2033; 
15.6387; 
14.9898; 
14.307; 
15.4371; 
15.7157; 
14.1144; 
16.3847; 
14.7157; 
13.9884; 
16.5748; 
14.2908; 
14.2547; 
16.5829; 
14.6716; 
14.1455; 
16.3823; 
14.9326; 
14.0831; 
16.0182; 
14.3687; 
14.4007; 
16.4225; 
14.0325; 
14.6273; 
16.4745; 
14.226; 
14.543; 
16.3388; 
15.0344; 
14.5263; 
15.5346; 
14.4004; 
14.3981; 
16.4566; 
14.4525; 
14.6058; 
15.8427; 
14.5614; 
14.7905; 
15.5566; 
15.2956; 
14.4185; 
15.2862; 
15.2539; 
14.3311; 
15.4558; 
15.2706; 
14.3594; 
15.5592; 
15.0955; 
14.3216; 
15.6227; 
15.0502; 
14.4279; 
15.6064; 
14.9916; 
14.3731; 
15.5757; 
15.2239; 
14.0722; 
15.8311; 
15.0533; 
14.2834; 
15.8546; 
15.0204; 
14.1211; 
15.4818; 
15.4409; 
14.1899; 
15.9356; 
15.0182; 
14.1631; 
15.7285; 
15.0174; 
14.3094; 
15.8478; 
14.8289; 
14.4118; 
15.7122; 
14.8963; 
14.1693; 
16.04; 
15.0772; 
14.1544; 
15.8541; 
14.8481; 
14.552; 
15.5661; 
14.9314; 
14.5596; 
15.5996; 
14.936; 
14.4406; 
15.5193; 
15.0955; 
13.808; 
15.9578; 
14.8788; 
14.0656; 
16.5256; 
14.854; 
13.9483; 
16.6137; 
14.5648; 
13.9877; 
16.4255; 
14.4285; 
14.5725; 
16.2318; 
14.4653; 
14.2047; 
16.5762; 
13.6752; 
15.2342; 
15.9383; 
14.5339; 
14.659; 
16.1889; 
15.1638; 
13.7506; 
16.2789; 
13.5388; 
15.2893; 
16.5709; 
14.9467; 
13.7761; 
16.561; 
14.5892; 
13.9901; 
16.5377; 
14.45; 
14.2723; 
16.4821; 
14.8864; 
13.8998; 
16.4799; 
14.2794; 
14.3483; 
16.5307; 
14.3652; 
14.3618; 
15.3803; 
14.3443; 
15.4683; 
16.1998; 
14.844; 
14.6265; 
15.4534; 
14.9418; 
14.5291; 
15.6551; 
14.9292; 
14.4647; 
15.5659; 
14.7926; 
14.5964; 
15.5705; 
15.081; 
14.5459; 
15.3146; 
15.062; 
14.2784; 
15.7771; 
15.1275; 
14.4014; 
15.4299; 
15.2608; 
14.3166; 
15.4203; 
15.2663; 
14.4107; 
15.542; 
14.9905; 
14.4804; 
15.5148; 
15.1044; 
14.4514; 
15.4282; 
15.0101; 
14.4579; 
15.5859; 
14.9939; 
14.3967; 
15.775; 
14.6207; 
14.4649; 
15.9661; 
13.6616; 
15.0531; 
16.5485; 
14.9282; 
14.2809; 
15.1208; 
14.1661; 
15.21; 
16.182; 
13.9017; 
15.0658; 
15.7768; 
14.1976; 
15.3804; 
15.7841; 
13.9027; 
15.1228; 
15.8122; 
9.99205; 
19.4957; 
21.4129; 
14.9898; 
14.5887; 
15.5132; 
14.8816; 
15.0029; 
14.9337; 
15.085; 
14.6896; 
15.2263; 
15.0907; 
14.8752; 
14.9482; 
15.161; 
14.7272; 
15.189; 
15.112; 
14.7785; 
15.2231; 
14.8067; 
14.8712; 
15.1378; 
15.2047; 
14.5411; 
15.2329; 
15.1964; 
14.5153; 
15.4423; 
15.0897; 
14.641; 
15.2807; 
15.04; 
14.5338; 
15.3664; 
15.0237; 
14.6736; 
15.267; 
14.2212; 
15.6483; 
15.3761; 
14.9126; 
14.8753; 
15.1622; 
14.2264; 
15.4257; 
15.388; 
14.2345; 
15.6905; 
15.0349; 
14.3926; 
15.6484; 
15.1421; 
14.1916; 
15.5361; 
15.2328; 
14.2627; 
15.9545; 
14.6244; 
14.3903; 
15.9216; 
15.0688; 
14.1817; 
15.8809; 
14.8317; 
14.2631; 
15.7987; 
15.0353; 
14.2355; 
15.9355; 
14.8726; 
14.4204; 
14.1382; 
16.7288; 
14.205; 
15.7787; 
14.8658; 
14.4013; 
15.8524; 
15.1054; 
14.1494; 
15.904; 
14.8171; 
14.434; 
15.5467; 
15.1898; 
14.4043; 
18.3692; 
18.4399; 
21.5589; 
20.1329; 
18.4233; 
17.6223; 
20.8353; 
20.7017; 
22.8424; 
19.4555; 
20.6696; 
17.0961; 
20.4129; 
21.6519; 
18.2574; 
17.9565; 
20.0643; 
19.9101; 
17.9047; 
20.2022; 
20.8403; 
21.1207; 
21.0505; 
18.5085; 
20.9163; 
22.4887; 
21.1431; 
21.1852; 
23.0535; 
18.8911; 
18.4481; 
18.7955; 
21.0112; 
22.2856; 
20.5535; 
20.0886; 
22.0393; 
22.3871; 
20.0325; 
20.8923; 
19.7534; 
19.4513; 
20.3677; 
19.9503; 
19.6041; 
19.8627; 
19.8405; 
21.6356; 
19.1357; 
20.9825; 
17.2314; 
22.5336; 
20.1325; 
20.7171; 
18.4444; 
21.867; 
18.6969; 
20.3166; 
18.1798; 
18.3944; 
20.5753; 
19.39; 
21.6299; 
18.3077; 
17.8969; 
18.1574; 
17.9996; 
19.1577; 
21.2097; 
22.2755; 
20.0291; 
19.9556; 
18.6689; 
22.9454; 
21.134; 
20.6364; 
18.271; 
14.4678; 
14.4551; 
15.4001; 
15.3093; 
14.303; 
15.6736; 
15.0772; 
13.9173; 
15.2468; 
15.2156; 
14.0536; 
16.1907; 
15.3017; 
13.9221; 
16.0051; 
14.6067; 
14.2532; 
16.6264; 
15.1657; 
14.3537; 
15.621; 
14.9341; 
14.3583; 
15.6785; 
15.1017; 
14.2609; 
15.8345; 
14.8821; 
14.2795; 
15.8532; 
14.98; 
14.1595; 
15.9171; 
14.8568; 
14.4079; 
15.8934; 
14.8407; 
14.3455; 
15.8898; 
14.8657; 
14.3313; 
15.717; 
14.8396; 
14.5096; 
8.28689; 
19.0767; 
17.4296; 
14.4322; 
15.6283; 
14.832; 
14.5669; 
15.5807; 
14.9272; 
14.5869; 
15.4863; 
14.863; 
14.4659; 
15.7195; 
15.0222; 
14.6534; 
15.268; 
15.0465; 
14.5146; 
15.3209; 
15.1924; 
14.6593; 
15.2678; 
15.1812; 
14.4375; 
15.2734; 
15.2846; 
14.4047; 
15.3801; 
15.2053; 
14.0512; 
15.5494; 
14.0834; 
14.9699; 
16.6049; 
15.0378; 
13.8645; 
16.2479; 
15.0851; 
13.4395; 
16.7411; 
14.8013; 
13.8256; 
16.8003; 
14.9991; 
13.7128; 
16.5471; 
14.7666; 
14.5203; 
15.7359; 
14.8528; 
14.376; 
15.8829; 
14.9703; 
11.4735; 
20.6037; 
15.2954; 
14.4719; 
15.7065; 
14.8795; 
14.6229; 
15.5696; 
9.72165; 
20.2125; 
20.733; 
14.9984; 
14.4416; 
15.595; 
14.9469; 
14.8102; 
15.0745; 
15.152; 
14.716; 
15.1574; 
14.8076; 
14.8628; 
9.7476; 
22.8775; 
18.6085; 
15.236; 
15.2969; 
14.4918; 
15.3117; 
15.2455; 
14.4786; 
15.4857; 
14.9037; 
14.6178; 
15.3657; 
14.9474; 
14.6923; 
15.3675; 
15.0562; 
14.6399; 
15.3489; 
15.0958; 
14.4605; 
15.5395; 
14.9164; 
14.6193; 
15.4982; 
14.8797; 
14.8143; 
15.3655; 
13.9177; 
15.6607; 
15.5086; 
13.5535; 
15.6187; 
15.8588; 
13.8126; 
15.8003; 
15.0314; 
14.2715; 
15.6672; 
15.8305; 
14.7333; 
14.9442; 
15.0818; 
14.2033; 
15.9818; 
14.9326; 
14.3953; 
15.3212; 
15.3639; 
14.9092; 
14.9793; 
15.092; 
14.9998; 
14.9668; 
15.1094; 
14.8818; 
14.9619; 
14.9677; 
15.1228; 
14.8373; 
15.0252; 
14.3024; 
15.7305; 
14.9611; 
15.2081; 
14.7388; 
15.1835; 
15.1289; 
14.7583; 
15.0404; 
15.1106; 
14.8306; 
15.0507; 
15.2037; 
14.8327; 
14.9804; 
15.0885; 
14.8187; 
15.1651; 
15.0795; 
14.8836; 
15.16; 
13.7241; 
16.088; 
14.7912; 
13.9733; 
16.5949; 
14.4871; 
14.0289; 
16.3007; 
14.5955; 
14.3985; 
15.5603; 
15.2988; 
14.2021; 
16.5259; 
14.3282; 
14.2062; 
16.6872; 
14.2804; 
14.3011; 
16.5952; 
15.0146; 
14.3505; 
15.8326; 
14.9471; 
14.2504; 
15.8932; 
14.8162; 
14.3582; 
15.9302; 
14.8285; 
14.2944; 
15.9361; 
14.8135; 
14.3309; 
15.9371; 
14.8737; 
14.3287; 
9.77417; 
21.2596; 
19.4293; 
15.9342; 
14.7271; 
14.6248; 
15.5325; 
14.9571; 
13.2397; 
17.5198; 
14.96; 
14.4371; 
15.5048; 
14.9644; 
3.00433; 
15.0524; 
13.5617; 
16.5765; 
15.0096; 
14.5353; 
15.4859; 
14.4019; 
14.5901; 
16.1244; 
14.182; 
14.6988; 
15.3431; 
15.1754; 
14.5126; 
14.8732; 
16.2648; 
14.2395; 
15.579; 
14.843; 
14.4996; 
15.2858; 
15.0775; 
14.5168; 
16.2399; 
14.9894; 
14.4623; 
15.579; 
15.1116; 
14.5231; 
15.4864; 
14.8768; 
14.5067; 
15.5128; 
15.1769; 
14.4081; 
15.5676; 
14.87; 
14.5314; 
15.6002; 
14.8784; 
14.5114; 
