0, 33.7333; 
0, 0; 
0, 0; 
0, 0; 
3.12182, 0.253073; 
2.0175, 2.19841; 
3.14841, 1.93909; 
3.93385, 2.36333; 
2.6063, 2.86049; 
4.3731, 3.92576; 
6.04828, 6.92042; 
5.72742, 6.61076; 
4.44302, 9.09833; 
4.70964, 10.0191; 
5.81411, 7.69125; 
5.93161, 7.58708; 
5.20583, 8.15875; 
4.82018, 7.61466; 
4.68583, 7.78807; 
6.11727, 9.15641; 
5.82984, 8.44068; 
6.05406, 8.75401; 
6.09018, 8.34177; 
5.49818, 6.07432; 
4.45932, 6.63523; 
5.26211, 8.13841; 
5.99169, 6.20216; 
5.93633, 6.62258; 
6.6219, 7.83849; 
5.33992, 4.83008; 
4.36451, 4.84966; 
4.64659, 6.44625; 
3.61799, 7.11701; 
2.86685, 7.22341; 
4.03339, 7.39; 
5.30911, 7.94083; 
3.9451, 8.65182; 
4.01633, 8.70232; 
3.64711, 7.19591; 
4.01909, 7.29909; 
4.84883, 8.89867; 
4.72734, 8.32792; 
4.69677, 8.13034; 
5.36513, 9.50417; 
3.91812, 8.33175; 
3.18682, 8.33557; 
3.84219, 9.62; 
4.54474, 5.26659; 
4.16857, 4.95284; 
4.46594, 6.75318; 
4.39927, 6.26333; 
3.73125, 6.21375; 
3.06927, 6.62375; 
2.85146, 5.88799; 
2.49841, 6.23049; 
3.0676, 7.12984; 
3.94495, 7.03542; 
4.79469, 6.97849; 
5.57852, 7.41966; 
4.88823, 5.53432; 
4.97667, 5.5625; 
5.25773, 6.39891; 
4.75344, 5.2649; 
2.48018, 5.53891; 
3.0456, 5.67799; 
6.42331, 10.9655; 
5.19648, 3.22617; 
3.42385, 4.09417; 
4.35448, 5.00943; 
3.65779, 4.92534; 
3.28794, 5.09675; 
4.9676, 5.58583; 
4.55331, 6.63159; 
5.21109, 7.46208; 
4.42901, 8.47708; 
3.3606, 5.41341; 
4.06393, 5.26508; 
5.40919, 6.36242; 
6.325, 8.08458; 
4.95591, 8.9675; 
3.89958, 9.77901; 
3.97216, 7.05034; 
4.13581, 7.16625; 
4.57109, 8.5025; 
5.30375, 6.73083; 
5.1663, 7.07398; 
6.19745, 8.35609; 
6.04427, 5.69042; 
5.98839, 5.80417; 
6.02716, 6.74773; 
5.66901, 5.33724; 
4.9232, 5.79883; 
5.05677, 6.79302; 
4.57406, 5.18901; 
4.22948, 4.8075; 
4.29211, 5.82633; 
3.86391, 5.37424; 
3.72203, 5.22599; 
3.88852, 6.38758; 
4.71503, 3.87758; 
3.93896, 4.34266; 
3.28003, 5.9544; 
3.22258, 5.28049; 
3.16326, 5.66758; 
4.46245, 6.42531; 
4.68344, 7.09458; 
4.36885, 6.66792; 
4.94695, 6.91398; 
4.13451, 6.22966; 
4.22219, 6.14807; 
4.51591, 7.12549; 
4.08971, 5.74576; 
2.94479, 5.99299; 
4.36284, 6.3244; 
4.15133, 10.9767; 
3.87161, 12.0369; 
4.04221, 12.2356; 
3.98565, 7.07201; 
3.37854, 6.99458; 
3.15547, 9.10042; 
2.33479, 7.8575; 
2.62763, 6.71299; 
2.8018, 7.54424; 
1.21219, 6.99599; 
1.51135, 6.40542; 
1.96927, 7.52542; 
1.60932, 6.82359; 
1.25573, 7.08984; 
1.41299, 7.83359; 
3.17844, 5.73917; 
2.96552, 5.82076; 
3.37836, 6.89401; 
3.96745, 6.65651; 
2.38279, 6.68109; 
2.09044, 8.36826; 
2.42422, 7.52383; 
3.07479, 7.53318; 
4.46148, 7.98943; 
6.3426, 5.65073; 
10.0767, 4.79391; 
10.568, 6.0731; 
10.2258, 6.92534; 
8.70008, 7.43859; 
9.16956, 8.14367; 
10.3731, 10.7548; 
11.3465, 13.8647; 
11.7799, 16.1712; 
13.8437, 16.1558; 
15.794, 16.9842; 
15.8709, 16.5758; 
13.0358, 18.9752; 
7.31956, 23.4263; 
5.68729, 20.4484; 
6.44826, 20.5327; 
8.8663, 21.5187; 
10.2588, 21.5728; 
10.4444, 27.9136; 
8.65969, 28.3667; 
8.03883, 26.737; 
7.23797, 26.7585; 
6.00237, 26.5196; 
4.21174, 23.6026; 
-0.467448, 22.9229; 
-4.18687, 17.9383; 
-3.59367, 15.4845; 
-3.07146, 17.8982; 
-4.03237, 22.1037; 
-0.384922, 22.3452; 
-0.467839, 21.7662; 
-3.33102, 24.7907; 
-1.92346, 23.9583; 
-2.20667, 25.906; 
-1.80313, 27.3656; 
-4.34458, 26.1093; 
-8.47716, 24.0913; 
-11.5273, 19.7858; 
-13.0338, 15.6206; 
-12.653, 15.8033; 
-10.9873, 16.9287; 
-12.654, 16.5507; 
-13.706, 16.2102; 
-13.7096, 16.3738; 
-10.6373, 18.8067; 
-9.86563, 19.0458; 
-11.2842, 17.8742; 
-9.68211, 20.1383; 
-8.15987, 19.7808; 
-6.63823, 21.0911; 
-5.06687, 22.1846; 
-6.49115, 19.1858; 
-3.24836, 16.3684; 
-3.55503, 17.9547; 
-6.10953, 16.8801; 
-6.21656, 19.3762; 
-7.25424, 22.1858; 
-7.305, 21.7113; 
-6.06687, 21.7053; 
-5.75323, 25.0708; 
-7.18794, 24.6468; 
-10.3554, 24.223; 
-14.1085, 22.8419; 
-19.8497, 13.7999; 
-20.9818, 20.4486; 
-21.3067, 19.9156; 
-20.7037, 21.9366; 
-20.3045, 22.5167; 
-19.6246, 22.5128; 
-15.6029, 31.585; 
-13.633, 26.7315; 
-16.5588, 28.6645; 
-19.1524, 29.7339; 
-19.4685, 23.6578; 
-21.3132, 23.1846; 
-21.2473, 25.2729; 
-21.2488, 25.6981; 
-20.4389, 26.1142; 
-19.1579, 26.9292; 
-16.2507, 24.8501; 
-14.4251, 25.4333; 
-13.2585, 27.9854; 
-14.3595, 28.0454; 
-11.7056, 31.2221; 
-12.4122, 30.6636; 
-8.37776, 26.9417; 
-10.1209, 28.9068; 
-11.1067, 27.7382; 
-10.662, 28.0792; 
-11.1749, 28.8647; 
-10.7536, 30.5477; 
-10.3286, 31.4876; 
-9.38898, 32.5524; 
-8.96711, 33.2392; 
-7.54367, 35.9972; 
-9.44555, 38.2063; 
-7.81185, 36.7802; 
-5.4074, 36.5429; 
-5.61424, 34.5876; 
-4.37555, 34.2208; 
-2.70242, 37.6234; 
-0.155729, 38.7171; 
0.226615, 36.92; 
2.13604, 36.6958; 
0.743073, 30.5438; 
-0.0778906, 33.0822; 
-1.50146, 30.6618; 
0.931198, 30.2592; 
5.62518, 29.1071; 
8.17005, 27.0745; 
12.1295, 27.4197; 
12.1462, 32.3772; 
11.2137, 33.6047; 
10.9163, 31.3778; 
8.11966, 31.3609; 
2.39977, 31.2038; 
2.18154, 30.5017; 
1.07518, 28.4046; 
1.79714, 28.8521; 
4.6607, 29.4341; 
9.78755, 28.7663; 
16.7157, 30.2364; 
16.303, 33.6885; 
12.5599, 34.6226; 
11.9258, 31.4708; 
13.3639, 31.8568; 
15.837, 31.1794; 
16.8728, 32.274; 
17.0166, 35.6628; 
16.0798, 28.3072; 
14.4198, 21.3962; 
14.4578, 19.1976; 
16.3728, 22.2954; 
17.1869, 23.223; 
18.1018, 24.9192; 
20.012, 26.5859; 
20.6648, 26.6926; 
19.5543, 29.9244; 
19.9018, 30.8583; 
18.3753, 30.6183; 
18.2275, 32.053; 
19.9579, 31.928; 
19.4468, 33.6916; 
16.91, 31.7706; 
15.0091, 31.5863; 
16.0193, 26.3209; 
16.6072, 21.2762; 
18.1196, 21.2199; 
19.813, 23.0038; 
20.7194, 25.5908; 
20.5338, 26.7837; 
19.0193, 32.6708; 
17.4018, 35.7075; 
10.8593, 36.3852; 
10.83, 36.2353; 
13.5061, 32.5881; 
14.2642, 27.2954; 
14.4105, 28.9942; 
15.4798, 34.3838; 
15.7005, 31.0401; 
14.9747, 31.33; 
16.8028, 27.5354; 
18.9761, 23.5408; 
21.6742, 17.6511; 
22.2498, 16.3913; 
20.9526, 22.4929; 
20.4962, 26.3913; 
19.1694, 31.0572; 
17.2459, 32.0056; 
14.3958, 32.2447; 
11.755, 30.6776; 
11.6988, 26.6783; 
11.8464, 27.9137; 
12.7879, 27.4037; 
13.349, 27.0817; 
12.3738, 27.4359; 
12.7152, 27.5304; 
12.076, 20.1217; 
10.3143, 17.0126; 
8.65122, 15.9546; 
7.2226, 18.8211; 
6.60432, 22.3288; 
6.80953, 25.0367; 
5.4599, 29.7825; 
4.73896, 31.6667; 
4.11693, 31.2815; 
3.78625, 28.9879; 
3.01336, 26.8115; 
1.16365, 27.6619; 
1.04266, 25.9931; 
0.221458, 26.439; 
-3.23076, 29.0955; 
-5.51932, 31.0246; 
-9.61812, 26.2656; 
-10.8048, 24.7508; 
-9.81542, 24.1135; 
-11.6158, 27.2193; 
-11.4043, 28.3662; 
-10.7899, 33.569; 
-10.433, 32.5507; 
-8.44445, 37.5406; 
-4.70177, 39.6433; 
-8.73927, 34.7771; 
-12.039, 32.6216; 
-12.2941, 30.1946; 
-12.2127, 30.3129; 
-11.4599, 28.5691; 
-11.1044, 24.8167; 
-10.4257, 20.8377; 
-13.6761, 21.9189; 
-15.5867, 21.154; 
-15.3422, 20.9678; 
-16.7834, 23.9221; 
-20.0278, 23.1828; 
-17.7699, 22.0695; 
-17.5768, 22.5129; 
-19.1951, 24.5774; 
-19.8888, 24.5073; 
-20.3514, 22.2751; 
-20.6445, 23.2567; 
-19.207, 24.245; 
-19.2225, 24.7828; 
-19.2673, 23.0573; 
-17.0395, 26.4396; 
-17.2247, 24.7962; 
-17.508, 22.7339; 
-15.7447, 18.2713; 
-16.1934, 19.5761; 
-19.0296, 19.4883; 
-19.3683, 19.7213; 
-18.7664, 23.9003; 
-18.811, 26.5583; 
-19.2036, 27.6975; 
-19.3507, 29.0267; 
-18.8692, 30.1338; 
-16.931, 30.895; 
-13.6322, 31.9453; 
-11.7108, 34.4286; 
-10.8648, 33.3403; 
-9.86857, 33.8091; 
-9.64224, 33.0272; 
-10.3395, 25.5047; 
-10.7902, 24.2508; 
-10.8789, 23.5303; 
-9.01099, 22.0163; 
-8.89763, 21.8997; 
-6.6462, 24.0506; 
-4.49753, 24.3441; 
-3.24977, 25.3501; 
-0.681901, 26.4467; 
1.85013, 30.0667; 
3.42935, 32.8133; 
3.51701, 35.015; 
3.17135, 38.4367; 
3.40401, 38.1536; 
1.20891, 36.0701; 
-0.705885, 33.3492; 
-0.693828, 25.4633; 
-1.81495, 32.1798; 
-1.92638, 36.8767; 
-1.24943, 36.8828; 
-0.717344, 40.9747; 
0.430911, 38.6797; 
3.69708, 33.8402; 
9.1569, 28.5482; 
11.1334, 29.1397; 
12.2974, 31.4548; 
13.4607, 35.7781; 
11.817, 37.6407; 
11.5213, 36.0349; 
10.5682, 37.3528; 
8.49859, 32.5683; 
4.52297, 31.8395; 
4.29411, 30.9817; 
6.85922, 27.4992; 
7.78536, 27.8662; 
9.83906, 35.2096; 
13.0084, 36.1625; 
14.1903, 37.3309; 
13.0251, 35.1067; 
13.1837, 31.1876; 
12.1938, 32.5369; 
12.6074, 33.4572; 
14.5715, 32.2693; 
14.3777, 32.0541; 
13.8891, 27.5037; 
14.1482, 24.0724; 
13.8638, 22.625; 
15.0392, 24.0987; 
15.5323, 22.8258; 
15.8044, 22.7803; 
15.7932, 25.5689; 
16.2717, 28.9246; 
14.0277, 32.2529; 
16.0298, 29.6671; 
18.5332, 25.6502; 
17.3226, 26.0741; 
18.6368, 29.6698; 
20.1534, 30.159; 
18.486, 32.0646; 
19.7505, 28.314; 
21.4287, 17.4833; 
19.1579, 16.4381; 
21.0353, 19.5558; 
23.7244, 18.9647; 
21.9932, 19.7833; 
20.9495, 19.7371; 
22.3829, 19.9815; 
22.3937, 22.2617; 
12.5729, 29.0679; 
12.8457, 26.9231; 
20.4711, 21.7114; 
21.7889, 18.9942; 
21.535, 18.2392; 
21.0008, 19.8046; 
20.8089, 20.4029; 
17.6151, 19.1; 
19.7553, 19.2485; 
23.2804, 19.3847; 
23.92, 19.4604; 
23.5785, 19.395; 
23.048, 19.9875; 
22.6219, 19.1462; 
22.2488, 21.5029; 
22.2505, 20.6783; 
22.2666, 20.9508; 
16.9669, 20.3819; 
15.1425, 20.2643; 
14.751, 19.9392; 
13.8397, 20.4199; 
10.6728, 24.3293; 
9.77075, 27.1511; 
9.75224, 27.7434; 
8.90914, 27.8379; 
8.29539, 27.8316; 
7.75732, 27.5391; 
7.69891, 25.6836; 
5.99284, 27.5905; 
5.29914, 26.7725; 
4.26354, 27.5366; 
3.5401, 28.4028; 
2.93044, 26.8445; 
1.75828, 25.7229; 
-0.97487, 24.5312; 
-2.42326, 23.1904; 
-1.34156, 21.895; 
-0.993594, 20.6267; 
-4.26977, 19.8516; 
-4.86443, 18.8656; 
-9.66687, 19.1706; 
-11.3114, 21.2102; 
-12.326, 21.5761; 
-13.7453, 21.7993; 
-14.666, 24.6744; 
-14.6032, 24.7386; 
-14.2159, 23.1395; 
-12.9767, 21.7939; 
-8.29607, 25.0817; 
-9.23385, 25.3034; 
-12.5123, 24.082; 
-11.8731, 22.4628; 
-10.4299, 24.0539; 
-13.4881, 24.1182; 
-13.8792, 24.9914; 
-14.9424, 25.1378; 
-17.9184, 19.0474; 
-18.9826, 19.8967; 
-19.9829, 23.1467; 
-20.7232, 20.7731; 
-20.8952, 20.4406; 
-19.6863, 23.9563; 
-19.9062, 23.0474; 
-19.6183, 26.0341; 
-19.9968, 26.7554; 
-21.7982, 26.6238; 
-21.4937, 27.4837; 
-19.9211, 29.1681; 
-18.7304, 31.2692; 
-17.4173, 33.8439; 
-4.74232, 38.6706; 
-5.62755, 38.6769; 
-5.55297, 36.1776; 
-7.1507, 34.5784; 
-12.1672, 31.7118; 
-15.1339, 26.7425; 
-14.733, 27.1716; 
-14.0733, 27.071; 
-14.4119, 26.2039; 
-15.5736, 24.7342; 
-18.0402, 27.0817; 
-19.0666, 28.5767; 
-18.1116, 28.8795; 
-17.8175, 28.0797; 
-19.423, 23.259; 
-19.3418, 21.2964; 
-16.6824, 24.1126; 
-14.7431, 24.2851; 
-13.3901, 27.3718; 
-13.7545, 28.8049; 
-13.618, 29.3161; 
-12.2636, 25.5736; 
-8.21802, 23.6072; 
-4.04193, 22.7072; 
-3.7643, 18.0948; 
-3.56302, 18.4593; 
-3.76745, 17.3826; 
-3.00724, 18.1348; 
-1.94102, 23.1937; 
-0.274844, 28.6905; 
0.498177, 32.7212; 
1.51068, 33.4837; 
2.77375, 32.0152; 
4.4232, 29.4339; 
7.55164, 28.2866; 
9.80193, 27.9214; 
7.26927, 28.2572; 
6.68469, 25.1112; 
8.12466, 26.5499; 
12.002, 21.5613; 
13.6341, 22.8487; 
13.3483, 21.9688; 
10.8431, 20.5079; 
4.08958, 17.7133; 
4.26669, 16.727; 
8.29052, 15.0992; 
7.06193, 14.558; 
2.95198, 14.5753; 
2.87263, 15.5843; 
5.14909, 19.1192; 
6.99448, 22.515; 
6.2799, 19.8962; 
7.31578, 23.5258; 
8.87656, 26.8792; 
9.25859, 25.52; 
9.76664, 22.5537; 
11.5014, 25.7742; 
9.57443, 25.8044; 
8.65747, 29.0198; 
10.3095, 24.2952; 
11.3179, 20.2105; 
12.0476, 20.8519; 
12.0913, 21.6098; 
12.8146, 19.4007; 
8.68586, 16.2975; 
9.35068, 16.5636; 
13.093, 13.4707; 
13.7719, 15.2337; 
13.4334, 19.2666; 
14.492, 21.0662; 
16.314, 23.0507; 
18.6648, 21.9174; 
19.8629, 21.3181; 
18.4353, 25.0436; 
16.995, 21.7505; 
14.1548, 22.8945; 
13.8175, 23.2858; 
15.1667, 21.3738; 
13.6775, 25.5301; 
13.5729, 29.363; 
11.7281, 32.1988; 
10.7991, 21.3143; 
12.8553, 15.7662; 
16.3623, 14.5715; 
17.9418, 11.8808; 
21.6916, 16.9802; 
21.757, 14.3558; 
21.7879, 15.8071; 
19.9376, 22.8737; 
14.3321, 25.3948; 
13.6626, 23.2327; 
16.9665, 22.2322; 
19.2753, 14.2067; 
19.6516, 18.4813; 
19.0367, 26.3228; 
18.9752, 22.0462; 
16.8338, 20.2702; 
16.5415, 20.7689; 
16.6453, 13.8917; 
19.5164, 14.1179; 
21.7177, 17.3667; 
22.0324, 19.9394; 
20.814, 21.7702; 
19.7967, 26.5339; 
16.9233, 27.5943; 
14.6416, 31.3592; 
13.2184, 31.3454; 
14.6543, 29.6066; 
17.4557, 27.2749; 
17.7199, 24.1909; 
16.9865, 24.2964; 
15.477, 22.0783; 
14.4887, 19.6047; 
13.2083, 17.5182; 
12.0756, 18.2073; 
12.8182, 18.4878; 
10.9694, 20.7242; 
10.1392, 23.0223; 
9.40721, 27.6868; 
7.97008, 32.1006; 
6.30521, 29.9132; 
5.70599, 28.6503; 
2.30156, 23.0259; 
1.18461, 23.6412; 
-1.15617, 23.0867; 
-1.85187, 24.3467; 
-2.66583, 26.3458; 
-6.22029, 24.5938; 
-8.70568, 22.181; 
-10.4931, 19.3408; 
-10.6604, 18.9546; 
-11.386, 20.4945; 
-12.9034, 21.9042; 
-13.1284, 25.0283; 
-11.8387, 26.712; 
-11.7039, 23.8703; 
-10.0749, 23.4338; 
-6.17828, 22.0486; 
-5.77659, 21.5952; 
-6.88734, 22.4837; 
-8.51336, 24.2846; 
-8.6051, 24.7633; 
-9.40245, 23.3127; 
-10.2286, 18.912; 
-12.2921, 17.4769; 
-12.8553, 17.8642; 
-11.9904, 16.4233; 
-14.6415, 19.6858; 
-14.6963, 22.5076; 
-14.7298, 21.8063; 
-15.9481, 20.0917; 
-17.7139, 22.0387; 
-18.2047, 20.95; 
-18.8145, 20.0658; 
-18.356, 20.2133; 
-17.5568, 20.4083; 
-16.5996, 20.3629; 
-12.6958, 17.8381; 
-12.0804, 22.35; 
-12.7655, 25.4334; 
-13.8877, 22.4207; 
-14.1171, 24.3216; 
-14.7873, 25.3622; 
-15.5037, 24.758; 
-15.2713, 26.4942; 
-17.0633, 22.3102; 
-19.0758, 19.8428; 
-19.4845, 21.4572; 
-20.2762, 21.7877; 
-20.1051, 22.6173; 
-19.1887, 23.6787; 
-18.5547, 25.7021; 
-17.3011, 27.2169; 
-15.1429, 26.4298; 
-12.3865, 24.8249; 
-12.3968, 23.0295; 
-12.5126, 21.7008; 
-11.9689, 19.2874; 
-12.4801, 19.0419; 
-13.9575, 23.6586; 
-11.3197, 22.9747; 
-9.51599, 25.68; 
-14.5727, 29.5759; 
-13.8941, 32.7349; 
-8.07091, 36.1642; 
-4.43471, 38.9901; 
-2.4726, 35.6725; 
3.98607, 30.9683; 
9.32563, 21.3037; 
7.55169, 14.2516; 
6.20305, 20.9375; 
2.22349, 24.4625; 
-0.701823, 27.0421; 
-0.0403646, 22.2001; 
0.0309375, 23.319; 
-0.166328, 22.2542; 
2.45357, 23.3817; 
-2.30617, 28.0634; 
-2.11831, 31.7719; 
1.39714, 31.5547; 
6.93237, 29.4587; 
7.43672, 25.8167; 
10.3973, 25.9354; 
10.8868, 25.4882; 
11.6845, 26.0218; 
11.4907, 29.3222; 
11.4962, 27.3797; 
9.05745, 25.8197; 
6.60159, 24.9512; 
4.15424, 27.1928; 
6.31193, 30.12; 
9.71943, 28.3571; 
13.841, 34.9917; 
15.2192, 33.5605; 
13.9511, 31.5967; 
13.6025, 32.4358; 
13.5445, 32.9492; 
13.7831, 28.9571; 
13.1618, 30.5906; 
14.9839, 17.7691; 
14.6794, 22.2335; 
13.0165, 24.0864; 
12.6619, 20.9089; 
14.7109, 19.8913; 
15.783, 18.945; 
17.2662, 13.0606; 
17.9244, 12.1527; 
18.0716, 14.9537; 
16.6842, 18.4562; 
16.0842, 23.1654; 
15.9344, 23.8983; 
16.9559, 20.5937; 
17.2497, 18.2062; 
18.1711, 21.4271; 
19.4985, 23.3133; 
19.3265, 25.5234; 
15.3077, 29.5845; 
11.523, 28.3743; 
10.7664, 23.5873; 
13.0939, 19.1978; 
14.0163, 17.2115; 
15.8675, 19.5804; 
16.2986, 22.3263; 
15.089, 28.2209; 
14.3406, 35.1702; 
13.9324, 37.9942; 
11.4217, 37.5133; 
11.9608, 33.3758; 
13.9875, 31.6858; 
15.472, 32.2684; 
14.8193, 34.5086; 
14.2958, 33.6658; 
12.5028, 30.8733; 
11.9652, 29.9004; 
10.2769, 29.6027; 
10.2542, 24.3908; 
7.64276, 26.8669; 
5.11779, 32.8859; 
6.10578, 37.6861; 
6.6894, 43.3033; 
6.4762, 46.7938; 
8.96175, 45.8994; 
8.50128, 38.4065; 
10.1953, 34.5524; 
9.11896, 34.5122; 
9.40495, 38.1904; 
9.26062, 38.5891; 
8.75573, 36.4912; 
5.17292, 32.0387; 
4.67461, 29.2098; 
4.21716, 30.0299; 
4.04854, 25.0067; 
2.59289, 29.1127; 
1.55708, 37.9269; 
1.73794, 40.6659; 
1.88987, 43.7559; 
2.18932, 44.0558; 
4.68138, 39.8489; 
3.78909, 34.1005; 
5.05036, 30.5842; 
4.03951, 30.9766; 
6.79792, 28.9148; 
7.61643, 28.3926; 
7.05484, 24.4227; 
7.48859, 21.9764; 
7.62607, 21.0487; 
5.45568, 24.2638; 
3.56586, 29.2476; 
1.12544, 32.7203; 
2.32953, 40.2909; 
4.03068, 40.5364; 
4.78435, 41.1205; 
5.70911, 39.1033; 
8.23247, 25.2433; 
6.85109, 21.1436; 
6.21128, 24.3608; 
7.51383, 27.3413; 
8.30935, 23.5073; 
8.34732, 21.2755; 
4.8349, 18.9717; 
5.78273, 16.7685; 
6.6463, 19.9172; 
5.60654, 26.593; 
3.34896, 27.0857; 
2.15474, 29.5443; 
3.14935, 32.3919; 
3.30984, 33.7488; 
3.75091, 33.4127; 
6.00409, 32.3313; 
5.925, 23.8817; 
5.6338, 22.6464; 
6.54279, 25.6744; 
6.59826, 27.4607; 
8.31331, 26.6704; 
8.62172, 24.3547; 
7.44654, 22.7491; 
7.21378, 26.2084; 
6.73568, 31.4468; 
6.75049, 30.036; 
6.22109, 34.3003; 
5.91542, 38.9778; 
7.01635, 38.9858; 
7.52484, 40.5797; 
10.4355, 39.6131; 
8.09995, 33.3321; 
6.97068, 33.1683; 
6.66398, 38.0559; 
6.97115, 36.2375; 
8.28745, 31.4296; 
6.84977, 32.4697; 
4.42526, 26.6503; 
5.49018, 24.9138; 
5.00784, 27.5423; 
3.47758, 30.5872; 
3.44844, 30.5203; 
2.92831, 28.8552; 
2.18948, 30.9392; 
2.47898, 29.0402; 
5.51547, 8.55792; 
4.89331, 14.0993; 
3.80956, 15.1873; 
-1.0806, 14.3873; 
-2.00797, 8.30875; 
-2.81375, 12.9383; 
-4.24602, 13.7795; 
-3.89021, 10.4079; 
-4.03388, 11.8933; 
-4.19026, 11.2175; 
-3.94445, 11.4506; 
-4.94253, 12.742; 
-4.79091, 12.1462; 
-4.58216, 12.8141; 
-4.94521, 13.4069; 
-5.19521, 13.0411; 
-5.0607, 12.3797; 
-4.64518, 14.1167; 
-4.50266, 13.6846; 
-3.9362, 12.2975; 
-4.2076, 12.7998; 
-4.48542, 12.5829; 
-4.02883, 10.9916; 
-3.89576, 12.4922; 
-4.04414, 14.2188; 
-5.60542, 15.0611; 
-6.30539, 15.6401; 
-6.29474, 15.1175; 
-5.17099, 13.9085; 
-5.08141, 14.3339; 
-5.24057, 14.1477; 
-5.87299, 13.3233; 
-5.61102, 14.8612; 
-5.12471, 13.5178; 
-5.23359, 12.5633; 
-5.11995, 13.875; 
-5.55745, 13.9275; 
-5.47091, 13.5753; 
