3.14159; 
3.14159; 
0; 
0; 
0; 
0; 
0; 
0; 
0; 
0; 
2.37149; 
2.3946; 
2.51482; 
2.5897; 
2.55736; 
2.53103; 
2.54504; 
2.55502; 
2.56914; 
2.56322; 
2.55465; 
2.54861; 
2.53649; 
2.50095; 
2.51469; 
2.53232; 
2.48423; 
2.4611; 
2.45381; 
2.41493; 
2.41333; 
2.44619; 
2.51777; 
2.59478; 
2.61056; 
2.58972; 
2.63225; 
2.65816; 
2.66237; 
2.65495; 
2.6506; 
2.64226; 
2.63438; 
2.63201; 
2.65333; 
2.69052; 
2.71469; 
2.64349; 
2.59189; 
2.58079; 
2.56493; 
2.57568; 
2.61615; 
2.63757; 
2.67463; 
2.69521; 
2.67317; 
2.6272; 
2.58073; 
2.53293; 
2.49606; 
2.48204; 
2.46004; 
2.53003; 
2.56544; 
2.58684; 
2.47502; 
2.46775; 
2.45493; 
2.46901; 
2.4988; 
2.46928; 
2.49447; 
2.50842; 
2.56368; 
2.56956; 
2.54507; 
2.50768; 
2.49616; 
2.54675; 
2.62254; 
2.62424; 
2.62242; 
2.6312; 
2.58318; 
2.56037; 
2.54019; 
2.47751; 
2.43608; 
2.42842; 
2.39862; 
2.41013; 
2.43986; 
2.43404; 
2.43019; 
2.45417; 
2.47316; 
2.48785; 
2.5238; 
2.44798; 
2.4355; 
2.50226; 
2.53029; 
2.56308; 
2.55275; 
2.55472; 
2.55701; 
2.54447; 
2.54791; 
2.5454; 
2.55604; 
2.54632; 
2.58646; 
2.57042; 
2.65932; 
2.72817; 
2.76369; 
2.72878; 
2.71888; 
2.7479; 
2.77826; 
2.7756; 
2.77881; 
2.83324; 
2.8547; 
2.86482; 
2.87845; 
2.9059; 
2.92516; 
2.84182; 
2.79067; 
2.75501; 
2.70442; 
2.73384; 
2.79197; 
2.8043; 
2.78776; 
2.73309; 
2.59313; 
2.36954; 
2.26055; 
2.22547; 
2.24317; 
2.26176; 
2.3047; 
2.3654; 
2.42369; 
2.4273; 
2.41407; 
2.40122; 
2.44873; 
2.58451; 
2.67311; 
2.7253; 
2.73385; 
2.72171; 
2.74525; 
2.78099; 
2.80365; 
2.82762; 
2.85675; 
2.88835; 
2.96765; 
3.07015; 
3.14404; 
3.19346; 
3.23839; 
3.21148; 
3.19571; 
3.22388; 
3.22315; 
3.22433; 
3.21843; 
3.24751; 
3.32145; 
3.42397; 
3.5391; 
3.6206; 
3.64986; 
3.69527; 
3.74269; 
3.77353; 
3.73568; 
3.6985; 
3.70047; 
3.66402; 
3.62252; 
3.56546; 
3.49986; 
3.49019; 
3.44944; 
3.41562; 
3.43777; 
3.44255; 
3.44798; 
3.45419; 
3.44097; 
3.4147; 
3.41836; 
3.46162; 
3.54021; 
3.71255; 
3.79491; 
3.85251; 
3.86828; 
3.87068; 
3.8667; 
3.7705; 
3.72129; 
3.70248; 
3.7064; 
3.74413; 
3.78851; 
3.80557; 
3.81436; 
3.81156; 
3.79502; 
3.77297; 
3.73833; 
3.68925; 
3.66524; 
3.61023; 
3.58272; 
3.54214; 
3.52194; 
3.5221; 
3.51655; 
3.51475; 
3.50327; 
3.48842; 
3.46648; 
3.44614; 
3.41265; 
3.40263; 
3.38562; 
3.35441; 
3.33836; 
3.31687; 
3.28258; 
3.237; 
3.2047; 
3.16622; 
3.15255; 
3.14991; 
3.16188; 
3.14662; 
3.08784; 
3.01699; 
2.92476; 
2.8749; 
2.85574; 
2.83995; 
2.8552; 
2.91988; 
2.96613; 
3.00686; 
3.02911; 
3.01498; 
2.95032; 
2.84082; 
2.78687; 
2.78917; 
2.78609; 
2.77268; 
2.74004; 
2.71354; 
2.70762; 
2.68332; 
2.649; 
2.60951; 
2.57868; 
2.55507; 
2.5412; 
2.52573; 
2.51116; 
2.52898; 
2.5426; 
2.56177; 
2.5826; 
2.58271; 
2.59456; 
2.61265; 
2.63894; 
2.62638; 
2.58688; 
2.54293; 
2.5074; 
2.49185; 
2.4904; 
2.5344; 
2.58879; 
2.67588; 
2.73339; 
2.73815; 
2.71592; 
2.70506; 
2.70969; 
2.69816; 
2.69739; 
2.66614; 
2.60672; 
2.50677; 
2.41825; 
2.40954; 
2.43413; 
2.48887; 
2.54301; 
2.60158; 
2.65548; 
2.67646; 
2.69594; 
2.69873; 
2.69403; 
2.7015; 
2.70385; 
2.67672; 
2.6569; 
2.65387; 
2.68883; 
2.74305; 
2.78957; 
2.85356; 
2.90495; 
2.94176; 
2.96424; 
2.98408; 
3.02026; 
3.04478; 
3.07224; 
3.13253; 
3.1967; 
3.28869; 
3.37003; 
3.41825; 
3.46103; 
3.48232; 
3.47148; 
3.46475; 
3.42803; 
3.36839; 
3.37458; 
3.41219; 
3.44706; 
3.47084; 
3.48639; 
3.50753; 
3.53293; 
3.58229; 
3.64195; 
3.68254; 
3.7065; 
3.75698; 
3.77683; 
3.78567; 
3.79209; 
3.80254; 
3.82787; 
3.84079; 
3.83138; 
3.82164; 
3.82666; 
3.79015; 
3.77715; 
3.78345; 
3.80238; 
3.81137; 
3.84435; 
3.86802; 
3.84726; 
3.81604; 
3.79239; 
3.77072; 
3.74701; 
3.71256; 
3.65831; 
3.59552; 
3.55097; 
3.51069; 
3.48385; 
3.49545; 
3.51337; 
3.53077; 
3.53058; 
3.5297; 
3.49324; 
3.44098; 
3.38606; 
3.31455; 
3.23151; 
3.16086; 
3.1174; 
3.09592; 
3.08076; 
3.08967; 
3.11207; 
3.12658; 
3.14954; 
3.16508; 
3.1686; 
3.16522; 
3.15373; 
3.1176; 
3.03808; 
2.95983; 
2.89798; 
2.8572; 
2.85032; 
2.84436; 
2.85147; 
2.86179; 
2.90242; 
2.93236; 
2.92243; 
2.90661; 
2.89329; 
2.85898; 
2.83072; 
2.81627; 
2.79378; 
2.79042; 
2.78747; 
2.76524; 
2.75092; 
2.72868; 
2.69581; 
2.66678; 
2.64143; 
2.61192; 
2.58818; 
2.58821; 
2.60246; 
2.64768; 
2.6472; 
2.60614; 
2.59021; 
2.587; 
2.57527; 
2.58989; 
2.57177; 
2.48655; 
2.43133; 
2.39678; 
2.34757; 
2.33353; 
2.33131; 
2.32106; 
2.33176; 
2.46289; 
2.53652; 
2.48856; 
2.42607; 
2.37889; 
2.36237; 
2.35725; 
2.36886; 
2.36078; 
2.32861; 
2.30357; 
2.28904; 
2.28779; 
2.28318; 
2.30142; 
2.30723; 
2.31317; 
2.35201; 
2.39465; 
2.42696; 
2.46267; 
2.54795; 
2.63236; 
2.69035; 
2.73722; 
2.77462; 
2.80424; 
2.81835; 
2.85345; 
2.88247; 
2.91615; 
2.94912; 
2.97512; 
3.00489; 
3.05733; 
3.11258; 
3.13866; 
3.15324; 
3.21153; 
3.26469; 
3.37467; 
3.46394; 
3.53216; 
3.59173; 
3.62293; 
3.64097; 
3.65772; 
3.66417; 
3.59925; 
3.56428; 
3.58261; 
3.59655; 
3.58197; 
3.6049; 
3.61946; 
3.63895; 
3.71711; 
3.77687; 
3.80335; 
3.84333; 
3.87394; 
3.85904; 
3.8574; 
3.83372; 
3.81676; 
3.82044; 
3.81538; 
3.79065; 
3.7541; 
3.70762; 
3.55875; 
3.46714; 
3.41209; 
3.39138; 
3.42693; 
3.493; 
3.53655; 
3.56213; 
3.58711; 
3.62241; 
3.65782; 
3.68231; 
3.68874; 
3.69461; 
3.73745; 
3.7792; 
3.76927; 
3.74436; 
3.69661; 
3.66021; 
3.63251; 
3.61943; 
3.57967; 
3.50811; 
3.46863; 
3.4321; 
3.41118; 
3.38049; 
3.32589; 
3.25792; 
3.20594; 
3.16513; 
3.12728; 
3.08429; 
3.02015; 
2.95117; 
2.9317; 
2.91697; 
2.8942; 
2.81862; 
2.75065; 
2.7025; 
2.6887; 
2.74532; 
2.7834; 
2.74369; 
2.72885; 
2.78646; 
2.83801; 
2.85237; 
2.84779; 
2.84383; 
2.84247; 
2.83492; 
2.82049; 
2.79278; 
2.76811; 
2.77416; 
2.80122; 
2.78241; 
2.73942; 
2.70255; 
2.68024; 
2.6433; 
2.64555; 
2.6405; 
2.56237; 
2.51267; 
2.51967; 
2.5266; 
2.52627; 
2.49435; 
2.45889; 
2.47578; 
2.47658; 
2.51102; 
2.54083; 
2.53578; 
2.57376; 
2.6214; 
2.68201; 
2.6795; 
2.62418; 
2.53213; 
2.42275; 
2.3556; 
2.28862; 
2.25832; 
2.31773; 
2.42145; 
2.48077; 
2.48368; 
2.4035; 
2.37812; 
2.42825; 
2.42912; 
2.43497; 
2.44546; 
2.39724; 
2.33612; 
2.30506; 
2.30552; 
2.33051; 
2.3909; 
2.45866; 
2.54405; 
2.61052; 
2.63369; 
2.61416; 
2.58256; 
2.56699; 
2.55636; 
2.54217; 
2.52969; 
2.53708; 
2.53656; 
2.57355; 
2.62411; 
2.69259; 
2.76972; 
2.82521; 
2.86381; 
2.91232; 
2.9644; 
3.03124; 
3.08979; 
3.1408; 
3.22019; 
3.31069; 
3.40728; 
3.4817; 
3.53592; 
3.58302; 
3.59794; 
3.58416; 
3.58841; 
3.57576; 
3.52913; 
3.49207; 
3.47544; 
3.47656; 
3.47638; 
3.49187; 
3.53341; 
3.59839; 
3.64992; 
3.68607; 
3.71874; 
3.7192; 
3.72477; 
3.75337; 
3.77591; 
3.80283; 
3.83279; 
3.84762; 
3.84902; 
3.84168; 
3.81915; 
3.76096; 
3.70774; 
3.70403; 
3.69185; 
3.68427; 
3.68982; 
3.68129; 
3.71659; 
3.77559; 
3.80908; 
3.83602; 
3.84662; 
3.83877; 
3.81485; 
3.77933; 
3.74232; 
3.70144; 
3.68221; 
3.6771; 
3.68264; 
3.69401; 
3.68741; 
3.6595; 
3.60537; 
3.60316; 
3.58093; 
3.5017; 
3.41286; 
3.34694; 
3.24882; 
3.12295; 
3.02878; 
2.97761; 
3.00153; 
3.05878; 
3.08367; 
3.10132; 
3.11584; 
3.09061; 
3.13848; 
3.16457; 
3.14086; 
3.06462; 
3.00313; 
2.92638; 
2.86674; 
2.81903; 
2.80146; 
2.78293; 
2.78939; 
2.81708; 
2.87175; 
2.89342; 
2.86646; 
2.82818; 
2.78869; 
2.76818; 
2.76042; 
2.75752; 
2.73936; 
2.73808; 
2.66606; 
2.6345; 
2.63806; 
2.62634; 
2.59012; 
2.54667; 
2.45472; 
2.37015; 
2.3355; 
2.35918; 
2.4217; 
2.4676; 
2.46282; 
2.43832; 
2.43829; 
2.44065; 
2.45911; 
2.53032; 
2.60241; 
2.6341; 
2.60922; 
2.56742; 
2.53365; 
2.52601; 
2.57137; 
2.64242; 
2.69832; 
2.75005; 
2.76513; 
2.75284; 
2.73408; 
2.7347; 
2.73641; 
2.74254; 
2.74803; 
2.76578; 
2.75979; 
2.79065; 
2.85746; 
2.90254; 
2.93523; 
2.96112; 
2.95676; 
2.94674; 
2.92008; 
2.90917; 
2.90624; 
2.90618; 
2.90616; 
2.92742; 
2.94263; 
2.95998; 
2.96554; 
2.99243; 
3.03245; 
3.05692; 
3.07218; 
3.07914; 
3.06173; 
3.05291; 
3.0323; 
3.02641; 
2.99318; 
2.95971; 
2.93268; 
2.90075; 
2.87144; 
2.8866; 
2.93332; 
2.99647; 
3.03119; 
3.03538; 
3.03196; 
3.0202; 
2.97247; 
2.93888; 
2.92577; 
2.90922; 
2.87813; 
2.84717; 
2.85888; 
2.84617; 
2.83794; 
2.87337; 
2.92456; 
2.97648; 
3.00156; 
3.01677; 
3.02125; 
3.00036; 
2.97325; 
2.95285; 
2.93398; 
2.92476; 
2.89732; 
2.86816; 
2.85561; 
2.86131; 
2.88642; 
2.89792; 
2.92099; 
2.94712; 
2.95295; 
2.95481; 
2.93084; 
2.92272; 
2.92622; 
2.94021; 
2.94382; 
2.92633; 
2.92856; 
2.94147; 
2.93695; 
2.94444; 
2.97196; 
2.99049; 
3.00598; 
3.02724; 
3.03632; 
2.97358; 
2.9354; 
2.92503; 
3.00092; 
3.07051; 
3.15571; 
3.24817; 
3.31594; 
3.36339; 
3.40458; 
3.42596; 
3.45507; 
3.47516; 
3.47841; 
3.484; 
3.496; 
3.50656; 
3.49063; 
3.48051; 
3.47179; 
3.46783; 
3.47291; 
3.47866; 
3.46753; 
3.4506; 
3.46743; 
3.48775; 
3.50397; 
3.50199; 
3.49575; 
3.49593; 
3.51471; 
3.51071; 
3.50864; 
3.51686; 
3.50987; 
3.51355; 
3.51708; 
